There is no data needed to find replacements for the developermlinksva
